8.08407
8.07339
8.0566
8.045920000000000
8.02303
8.007770000000000
7.99862
7.98488
7.97573
7.96047
7.94521
7.93911
7.92385
7.91012
7.902490000000000
7.89791
7.887230000000000
7.8735
7.8597600000000000
7.8506100000000000
7.839930000000000
7.824670000000000
7.812460000000000
7.80025
7.786520000000000
7.789570000000000
7.77584
7.774310000000000
7.78499
7.789570000000000
7.80483
7.812460000000000
7.82925
7.852130000000000
7.87655
7.899440000000000
7.9253800000000000
7.96047
7.99862
8.036760000000000
8.071860000000000
8.11916
8.16646
8.21529
8.26259
8.31753
8.36788
8.41366
8.462490000000000
8.51131
8.563190000000000
8.607440000000000
8.648640000000000
8.69442
8.73104
8.77834
8.818010000000000
8.85769
8.876
8.91262
8.93703
8.95687
8.97518
8.99959
9.0118
9.03927
9.05758
9.07284
9.10335
9.11404
9.1354
9.1476
9.16134
9.18728
9.19338
9.205590000000000
9.23
9.234580000000000
9.258990000000000
9.26967
9.291040000000000
9.303240000000000
9.33376
9.35055
9.37191
9.39327
9.419210000000000
9.44057
9.46804
9.47872
9.50008
9.526020000000000
9.564170000000000
9.590110000000000
9.62673
9.65114
9.68471
9.72286
9.76101
9.7961
9.83578
9.86782
9.9136
9.95785
10.0036
10.0509
10.1135
10.1669
10.2249
10.2966
10.3576
10.4324
10.5072
10.5789
10.6598
10.7406
10.8245
10.9054
10.9954
11.0824
11.174000000000000
11.264000000000000
11.3586
11.4486
11.5493
11.647
11.7447
11.8499
11.9247
12.0483
12.1414
12.2406
12.3397
12.4405
12.5381
12.6358
12.7304
12.7822
12.9318
12.9516
13.1012
13.182
13.2644
13.3438
13.417
13.4964
13.5711
13.6505
13.7237
13.8031
13.8839
13.9556
14.0411
14.1128
14.1967
14.273
14.36
14.4317
14.5172
14.5935
14.6774
14.7537
14.8391
14.9231
15.0085
15.097000000000000
15.1779
15.274000000000000
15.3595
15.4586
15.5532
15.6448
15.7409
15.8416
15.9423
16.0446
16.1453
16.2429
16.3467
16.452
16.5496
16.6458
16.7297
16.8304
16.9128
17.0028
17.0868
17.1753
17.2577
17.3416
17.424
17.5033
17.5842
17.662
17.7429
17.8115
17.8787
17.9565
18.0191
18.0801
18.1381
18.2006
18.2479
18.2968
18.3441
18.3944
18.4341
18.4784
18.5211
18.5531
18.5867
18.6172
18.637
18.6782
18.7057
18.7225
18.7393
18.7652
18.7744
18.7942
18.811
18.8247
18.8369
18.8369
18.8461
18.8385
18.8369
18.8354
18.8217
18.8125
18.811
18.814
18.814
18.8003
18.8003
18.7973
18.7973
18.811
18.814
18.8263
18.8247
18.8369
18.8476
18.8476
18.8613
18.8736
18.8827
18.9056
18.9209
18.9361
18.959
18.9697
18.9956
19.02
19.0429
19.0689
19.0933
19.1177
19.1421
19.1681
19.1925
19.2169
19.2276
19.252
19.2642
19.284000000000000
19.2871
19.2993
19.3023
19.2993
19.3008
19.2916
19.2779
19.2779
19.2642
19.252
19.2398
19.2276
19.2169
19.1909
19.1787
19.1543
19.1314
19.107
19.0796
19.0551
19.0322
18.9987
18.9712
18.9422
18.9148
18.8736
18.8491
18.814
18.7759
18.7393
18.7164
18.6767
18.6416
18.6035
18.5653
18.5302
18.4951
18.4555
18.4112
18.3731
18.3349
18.2907
18.2525
18.2129
18.164
18.1167
18.0648
18.016
17.9657
17.9184
17.8711
17.8192
17.7734
17.7353
17.6864
17.6345
17.5888
17.5537
17.5064
17.4667
17.427
17.3797
17.3446
17.3095
17.2668
17.2363
17.1966
17.1585
17.1264
17.0959
17.0745
17.0501
17.0227
17.0028
16.9876
16.9754
16.9632
16.9509
16.9525
16.9479
16.9494
16.954
16.9616
16.9738
16.9891
16.9998
17.0135
17.0242
17.0364
17.0471
17.0517
17.0593
17.0715
17.0745
17.0852
17.0837
17.1005
17.1005
17.0974
17.099
17.099
17.0974
17.0852
17.073
17.0578
17.0456
17.0349
17.0166
16.9891
16.9616
16.9403
16.9128
16.8792
16.8518
16.8304
16.7923
16.7556
16.7175
16.6839
16.6473
16.6076
16.5741
16.5359
16.5008
16.4642
16.4138
16.3787
16.336
16.2918
16.2521
16.2048
16.1544
16.1132
16.0629
16.0156
15.9683
15.9256
15.8676
15.8142
15.7745
15.7257
15.6799
15.6463
15.5929
15.5578
15.5181
15.4846
15.4327
15.3991
15.3625
15.3289
15.303000000000000
15.2649
15.2389
15.2023
15.1794
15.1504
15.1519
15.1168
15.1046
15.0924
15.0909
15.0817
15.0787
15.0909
15.0955
15.1031
15.1168
15.1245
15.1397
15.1626
15.1779
15.1886
15.216
15.2282
15.2282
15.2343
15.2404
15.242
15.2404
15.2389
15.2298
15.2145
15.2038
15.1916
15.1779
15.1535
15.1413
15.1153
15.0909
15.0695
15.0375
15.0085
14.9704
14.949000000000000
14.9047
14.8605
14.8223
14.7888
14.7415
14.7018
14.6652
14.6164
14.5706
14.5294
14.4806
14.4455
14.3966
14.3493
14.3112
14.2624
14.2135
14.1769
14.125
14.0808
14.0411
13.9953
13.9556
13.9068
13.8687
13.8122
13.768000000000000
13.7222
13.6703
13.623
13.5772
13.5254
13.4796
13.4262
13.3911
13.3438
13.2995
13.2583
13.2202
13.1713
13.1363
13.0981
13.0615
13.0127
12.976000000000000
12.9409
12.9043
12.8692
12.828
12.7914
12.7578
12.7166
12.6815
12.6449
12.6159
12.5854
12.5503
12.5244
12.4862
12.4527
12.4252
12.3886
12.3657
12.3291
12.3077
12.2757
12.2451
12.2177
12.1917
12.1658
12.1353
12.1078
12.0819
12.0468
12.0178
11.9827
11.9629
11.94
11.9018
11.8759
11.8499
11.827
11.8011
11.7782
11.7523
11.7279
11.7172
11.6928
11.6699
11.6577
11.6317
11.618
11.5921
11.5799
11.5646
11.5493
11.5356
11.5081
11.4975
11.4853
11.4593
11.4486
11.4395
11.4242
11.3983
11.3845
11.3739
11.3632
11.3479
11.3372
11.3205
11.3144
11.3006
11.2854
11.2732
11.2655
11.2518
11.2396
11.2274
11.2136
11.1923
11.177
11.1541
11.145
11.1312
11.119000000000000
11.1053
11.0916
11.0794
11.0672
11.058
11.0412
11.0336
11.0305
11.0214
11.0061
10.997
10.9939
10.9832
10.968
10.9573
10.9588
10.9436
10.9466
10.9314
10.9283
10.9207
10.9207
10.9085
10.9085
10.8978
10.8993
10.8963
10.8963
10.8947
10.8993
10.9069
10.9085
10.9207
10.9344
10.9481
10.9588
10.968
10.997
11.0077
11.0336
11.0565
11.0794
11.1175
11.1419
11.177
11.2152
11.2518
11.2884
11.3235
11.3693
11.4135
11.4471
11.4837
11.5188
11.5554
11.5936
11.618
11.6561
11.6806
11.7035
11.7248
11.7401
11.7523
11.7721
11.7782
11.7904
11.8042
11.8026
11.7996
11.8011
11.7889
11.7767
11.766000000000000
11.7553
11.7401
11.7279
11.705
11.679
11.6668
11.6424
11.6165
11.5799
11.557
11.5249
11.4822
11.4502
11.409
11.3723
11.3372
11.3144
11.2762
11.2381
11.2014
11.177
11.1419
11.1038
11.0763
11.0427
11.0061
10.9848
10.9436
10.91
10.8749
10.8474
10.8108
10.7742
10.7513
10.7116
10.6887
10.6521
10.617
10.5896
10.5529
10.5163
10.4904
10.4568
10.4293
10.3942
10.3714
10.3454
10.3057
10.2798
10.2493
10.2218
10.1883
10.1654
10.1287
10.1028
10.0647
10.0372
10.0051
9.96548
9.93648
9.90749
9.87392
9.84951
9.82052
9.79763
9.77169
9.74575
9.72439
9.68777
9.6664
9.64809
9.62368
9.599260000000000
9.57943
9.55349
9.539760000000000
9.513820000000000
9.495510000000000
9.47719
9.454310000000000
9.44057
9.43142
9.40243
9.39327
9.36886
9.3536
9.332240000000000
9.31545
9.30477
9.28646
9.26967
9.258990000000000
9.24526
9.231530000000000
9.2178
9.19643
9.18117
9.17202
9.15829
9.14455
9.1354
9.12166
9.11098
9.09878
9.07436
9.06368
9.04995
9.02401
9.01028
9.00112
8.99044
8.97671
8.9645
8.94924
8.95077
8.94161
8.92788
8.91872
8.91415
8.90346
8.88668
8.88821
8.87752
8.876
8.86532
8.853110000000000
8.853110000000000
8.8409
8.8409
8.830220000000000
8.82564
8.81954
8.821070000000000
8.802760000000000
8.802760000000000
8.79513
8.792070000000000
8.792070000000000
8.79055
8.779870000000000
8.78139
8.78139
8.779870000000000
8.79513
8.79665
8.79513
8.805810000000000
8.814960000000000
8.81649
8.82564
8.83785
8.856160000000000
8.87447
8.89126
8.90346
8.92635
8.95077
8.97671
9.01028
9.03927
9.07284
9.09878
9.1354
9.16134
9.19033
9.22085
9.24526
9.26967
9.30477
9.329180000000000
9.35512
9.379540000000000
9.40243
9.417690000000000
9.4421
9.46194
9.47872
9.4894
9.501610000000000
9.510760000000000
9.52755
9.54128
9.54128
9.55349
9.55349
9.567220000000000
9.56875
9.561120000000000
9.5657
9.56264
9.564170000000000
9.56264
9.5657
9.5657
9.551960000000000
9.555010000000000
9.542810000000000
9.52755
9.513820000000000
9.504660000000000
9.50313
9.49093
9.47872
9.48025
9.466510000000000
9.466510000000000
9.46499
9.45278
9.454310000000000
9.454310000000000
9.454310000000000
9.43905
9.43905
9.457360000000000
9.45125
9.45125
9.454310000000000
9.45278
9.46804
9.463460000000000
9.48025
9.47872
9.49093
9.504660000000000
9.504660000000000
9.513820000000000
9.52755
9.52755
9.539760000000000
9.55349
9.55044
9.5657
9.561120000000000
9.5779
9.587060000000000
9.587060000000000
9.602320000000000
9.60079
9.60079
9.611470000000000
9.613
9.61605
9.613
9.599260000000000
9.602320000000000
9.599260000000000
9.58858
9.590110000000000
9.58095
9.5779
9.57638
9.56264
9.564170000000000
9.564170000000000
9.55044
9.551960000000000
9.55044
9.542810000000000
9.54128
9.52755
9.529070000000000
9.51534
9.501610000000000
9.50313
9.49245
9.48025
9.48025
9.466510000000000
9.454310000000000
9.44363
9.44057
9.42837
9.416160000000000
9.4009
9.40243
9.39327
9.379540000000000
9.36733
9.3536
9.3597
9.344440000000000
9.329180000000000
9.320030000000000
9.32155
9.303240000000000
9.30477
9.291040000000000
9.28036
9.26967
9.26815
9.255940000000000
9.24526
9.23305
9.231530000000000
9.22237
9.21932
9.2178
9.20711
9.20711
9.20406
9.205590000000000
9.20711
9.20711
9.208640000000000
9.208640000000000
9.22085
9.2178
9.22085
9.23305
9.234580000000000
9.246790000000000
9.243740000000000
9.25747
9.27425
9.26815
9.281880000000000
9.294090000000000
9.3063
9.3124
9.32155
9.329180000000000
9.34292
9.3536
9.36886
9.379540000000000
9.39327
9.39327
9.40395
9.40548
9.419210000000000
9.417690000000000
9.417690000000000
9.419210000000000
9.416160000000000
9.40853
9.40548
9.40548
9.3948
9.39022
9.382590000000000
9.379540000000000
9.36581
9.36733
9.3597
9.344440000000000
9.34597
9.33071
9.329180000000000
9.316980000000000
9.316980000000000
9.30782
9.294090000000000
9.29561
9.28341
9.26967
9.2712
9.25442
9.246790000000000
9.23
9.23611
9.2178
9.208640000000000
9.19643
9.19643
9.18575
9.17049
9.15676
9.14455
9.13692
9.12319
9.12166
9.11251
9.10183
9.0881
9.07589
9.06216
9.03469
9.02553
9.0118
8.99044
8.97671
8.96755
8.95229
8.9294
8.91262
8.90194
8.88973
8.88821
8.87752
8.86379
8.853110000000000
8.853110000000000
8.84548
8.83938
8.8287
8.8287
8.81649
8.818010000000000
8.81954
8.805810000000000
8.80733
8.802760000000000
8.802760000000000
8.80123
8.79665
8.79513
8.79055
8.7936
8.80428
8.805810000000000
8.805810000000000
8.802760000000000
8.805810000000000
8.805810000000000
8.80733
8.808860000000000
8.805810000000000
8.802760000000000
8.80428
8.805810000000000
8.80428
8.80428
8.80428
8.805810000000000
8.79513
8.79513
8.78139
8.785970000000000
8.770710000000000
8.76919
8.75545
8.75545
8.74019
8.74325
8.732570000000000
8.732570000000000
8.735620000000000
8.71883
8.717310000000000
8.70663
8.70968
8.7051
8.69594
8.69442
8.69289
8.68374
8.685260000000000
8.673060000000000
8.67
8.67458
8.6578
8.65932
8.645590000000000
8.645590000000000
8.636440000000000
8.634910000000000
8.634910000000000
8.62118
8.62118
8.6105
8.6105
8.59676
8.595240000000000
8.58608
8.58456
8.57235
8.57387
8.56167
8.54641
8.535730000000000
8.5342
8.52047
8.512840000000000
8.49911
8.50216
8.48537
8.471640000000000
8.47622
8.46096
8.46096
8.450280000000000
8.43655
8.43655
8.424340000000000
8.41518
8.41366
8.40145
8.38924
8.39077
8.37856
8.37856
8.36178
8.36483
8.35262
8.35262
8.35262
8.34041
8.33889
8.32668
8.32973
8.316
8.31753
8.30227
8.30227
8.29311
8.29311
8.27785
8.27633
8.26717
8.26565
8.25344
8.25954
8.23818
8.23208
8.2275
8.21682
8.20614
8.20461
8.19393
8.1802
8.17867
8.16799
8.17104
8.15426
8.14205
8.14358
8.13442
8.12832
8.12069
8.11916
8.10696
8.10696
8.09475
8.09475
8.08254
8.08102
8.07949
8.07033
8.07033
8.07033
8.071860000000000
8.0627
8.0566
8.05813
8.0566
8.05813
8.068810000000000
8.071860000000000
8.07033
8.07949
8.09475
8.10696
8.12069
8.14205
8.15578
8.18172
8.20766
8.22903
8.25344
8.29006
8.31753
8.34804
8.37551
8.41518
8.44417
8.474690000000000
8.512840000000000
8.55251
8.58303
8.62118
8.645590000000000
8.68374
8.72188
8.75545
8.779870000000000
8.802760000000000
8.83175
8.85464
8.87752
8.90041
8.91567
8.93551
8.95229
8.9645
8.97823
8.99196
8.98739
9.00112
9.00112
9.00112
9.01028
9.01028
9.01333
9.01333
8.99959
9.00265
9.00265
8.99044
8.98739
8.97671
8.9645
8.96145
8.94924
8.94009
8.92788
8.90194
8.88973
8.87905
8.86379
8.8409
8.83175
8.81649
8.792070000000000
8.77834
8.770710000000000
8.75545
8.73104
8.72188
8.70663
8.69594
8.67153
8.66085
8.64712
8.63338
8.61812
8.59981
8.58608
8.57235
8.55862
8.54641
8.5281
8.50826
8.497580000000000
8.474690000000000
8.462490000000000
8.433490000000000
8.42586
8.3984
8.38924
8.36635
8.3511
8.33889
8.31753
8.30532
8.27938
8.26717
8.25344
8.22903
8.21377
8.1924
8.17867
8.15731
8.13137
8.11916
8.09475
8.071860000000000
8.0566
8.03219
8.0154
7.99862
7.987940000000000
7.95742
7.94826
7.93606
7.9253800000000000
7.905540000000000
7.8857
7.87502
7.864340000000000
7.8536600000000000
7.842980000000000
7.82925
7.81093
7.80178
7.789570000000000
7.77889
7.76363
7.75295
7.75143
7.7422700000000000
7.74074
7.72243
7.720910000000000
7.71633
7.71633
7.70107
7.70412
7.69039
7.69039
7.69039
7.676660000000000
7.676660000000000
7.68124
7.6675
7.66445
7.6675
7.65377
7.65682
7.640040000000000
7.646140000000000
7.62936
7.63088
7.61562
7.607990000000000
7.60342
7.59273
7.59426
7.5851
7.56985
7.56985
7.56985
7.557640000000000
7.55611
7.5484800000000000
7.54696
7.53475
7.522540000000000
7.52102
7.50881
7.507280000000000
7.49355
7.495080000000000
7.48287
7.481340000000000
7.4706600000000000
7.4660900000000000
7.456930000000000
7.4615100000000000
7.447780000000000
7.447780000000000
7.435570000000000
7.4340400000000000
7.4340400000000000
7.423360000000000
7.423360000000000
7.41268
7.41268
7.39284
7.397420000000000
7.38674
7.382160000000000
7.376060000000000
7.37148
7.36233
7.3501200000000000
7.34859
7.337910000000000
7.325710000000000
7.328760000000000
7.3135
7.29977
7.30129
7.28908
7.287560000000000
7.27383
7.2723
7.26467
7.263140000000000
7.252460000000000
7.249410000000000
7.24026
7.23873
7.22957
7.22347
7.215840000000000
7.20211
7.20058
7.18838
7.19448
7.1899
7.177690000000000
7.18075
7.177690000000000
7.16701
7.16701
7.165490000000000
7.15481
7.15481
7.15481
7.1426
7.1426
7.1426
7.1441300000000000
7.127340000000000
7.130390000000000
7.12887
7.12887
7.118190000000000
7.11971
7.11666
7.11971
7.102930000000000
7.10445
7.11056
7.102930000000000
7.1075
7.102930000000000
7.1075
7.105980000000000
7.118190000000000
7.11666
7.127340000000000
7.13802
7.168540000000000
7.165490000000000
7.20363
7.22652
7.249410000000000
7.28603
7.31045
7.34859
7.385210000000000
7.4218400000000000
7.4584600000000000
7.4966
7.53475
7.58205
7.61715
7.66598
7.7026
7.75143
7.789570000000000
7.827720000000000
7.8735
7.911640000000000
7.949790000000000
7.98641
8.01235
8.045920000000000
8.07949
8.10848
8.12984
8.16494
8.19088
8.21682
8.2336
8.25497
8.2687
8.29006
8.30227
8.316
8.316
8.32668
8.34194
8.34194
8.34194
8.35262
8.35262
8.35415
8.35415
8.35415
8.35262
8.35567
8.35415
8.35415
8.34041
8.33736
8.32821
8.31447
8.316
8.30379
8.29159
8.29311
8.27938
8.26565
8.25649
8.24276
8.22903
8.21834
8.20156
8.1924
8.1802
8.17104
8.14205
8.12984
8.12221
8.0978
8.08102
8.071860000000000
8.048970000000000
8.03524
8.01998
7.994040000000000
7.98488
7.958940000000000
7.9406300000000000
7.92385
7.902490000000000
7.8735
7.8506100000000000
7.8384
7.8139900000000000
7.789570000000000
7.77279
7.75143
7.72854
7.7148
7.69039
7.679710000000000
7.65377
7.638510000000000
7.62478
7.604940000000000
7.59273
7.57137
7.55611
7.52865
7.50881
7.492030000000000
7.48287
7.4584600000000000
7.444720000000000
7.4248900000000000
7.40963
7.39895
7.385210000000000
7.37148
7.3470700000000000
7.33639
7.32113
7.30892
7.29824
7.28908
7.26162
7.250940000000000
7.24178
7.22805
7.21737
7.19143
7.177690000000000
7.168540000000000
7.1532800000000000
7.12887
7.118190000000000
7.10445
7.09377
7.0815600000000000
7.055620000000000
7.043420000000000
7.0327400000000000
7.022060000000000
7.019
7.0068
6.9961200000000000
6.98238
6.96865
6.95949
6.9549200000000000
6.94729
6.93355