11.5128
11.5097
11.5128
11.5112
11.5097
11.5112
11.5158
11.5112
11.5067
11.5112
11.5158
11.5097
11.5082
11.5112
11.5097
11.5143
11.5082
11.5112
11.5097
11.525
11.5234
11.5265
11.5234
11.5219
11.5204
11.5204
11.5234
11.528000000000000
11.5219
11.5234
11.5234
11.5234
11.5234
11.5265
11.5234
11.525
11.5341
11.5311
11.5341
11.5356
11.5387
11.5417
11.5479
11.5479
11.5479
11.5479
11.5631
11.557
11.5601
11.5753
11.5738
11.5799
11.5845
11.5967
11.5952
11.6058
11.6226
11.6211
11.6348
11.6501
11.6486
11.6592
11.6592
11.6699
11.6821
11.6974
11.6974
11.705
11.7187
11.731
11.7416
11.7432
11.7554
11.7691
11.7844
11.795
11.8057
11.8149
11.8301
11.8423
11.8515
11.8668
11.8774
11.8896
11.9049
11.9156
11.9293
11.9385
11.9522
11.9675
11.9736
11.9873
11.998
12.0132
12.0255
12.0346
12.0407
12.0483
12.0636
12.0743
12.0865
12.0895
12.1002
12.1124
12.1246
12.1353
12.1384
12.1475
12.1613
12.1735
12.1735
12.1796
12.1963
12.2086
12.2253
12.2314
12.2467
12.2452
12.2574
12.2696
12.2849
12.2849
12.2925
12.3093
12.3093
12.3184
12.3322
12.3306
12.3428
12.355
12.3566
12.3718
12.3825
12.381000000000000
12.3947
12.3962
12.4069
12.4176
12.4222
12.4313
12.442
12.4435
12.4557
12.4557
12.468
12.4664
12.4802
12.4908
12.4893
12.5061
12.5137
12.5137
12.5275
12.5244
12.5381
12.5519
12.5488
12.5626
12.5656
12.5763
12.5763
12.5931
12.587
12.6007
12.6038
12.616
12.6144
12.6266
12.6251
12.6358
12.648
12.6511
12.648
12.6617
12.6648
12.6739
12.6785
12.6877
12.6862
12.6984
12.6984
12.7121
12.7136
12.7243
12.7258
12.738
12.735
12.7411
12.7487
12.7518
12.7625
12.7609
12.7747
12.7716
12.7747
12.7838
12.7853
12.7975
12.8006
12.8128
12.8235
12.825
12.8326
12.8342
12.8479
12.8448
12.8616
12.8616
12.8708
12.8677
12.8784
12.8799
12.883
12.8937
12.8967
12.9074
12.8998
12.9044
12.9166
12.9166
12.9196
12.9288
12.9288
12.9303
12.9471
12.944
12.9547
12.9547
12.9547
12.9654
12.9669
12.9669
12.973000000000000
12.9791
12.9761
12.9745
12.9822
12.9929
12.9898
12.9898
13.002
13.0005
13.002
13.002
13.0157
13.0157
13.0157
13.0157
13.028000000000000
13.0249
13.0234
13.0264
13.0417
13.0417
13.0386
13.0402
13.0386
13.0508
13.0524
13.0524
13.0524
13.0508
13.0493
13.0508
13.0676
13.063000000000000
13.0676
13.063000000000000
13.0661
13.0646
13.0646
13.0798
13.0753
13.0768
13.0768
13.0768
13.0783
13.0737
13.0737
13.0768
13.0875
13.0875
13.0905
13.0859
13.0905
13.0905
13.0905
13.0875
13.0905
13.0875
13.089
13.0905
13.1012
13.1027
13.1012
13.0997
13.1012
13.1012
13.0981
13.0997
13.1012
13.0981
13.0981
13.1012
13.0966
13.1012
13.1012
13.0997
13.0997
13.1012
13.0997
13.1012
13.1027
13.1027
13.1012
13.0997
13.0997
13.1012
13.0997
13.089
13.0875
13.0875
13.0875
13.0875
13.1012
13.0997
13.1012
13.0997
13.1042
13.0997
13.1027
13.0966
13.0981
13.1012
13.1012
13.1012
13.1027
13.1012
13.1012
13.1012
13.0997
13.0997
13.1027
13.0981
13.1042
13.0966
13.1012
13.0997
13.089
13.0905
13.089
13.0875
13.089
13.0905
13.0905
13.0905
13.089
13.089
13.0905
13.0859
13.089
13.0875
13.0875
13.0875
13.0875
13.089
13.089
13.089
13.0875
13.0905
13.0905
13.0905
13.0875
13.0875
13.089
13.089
13.0905
13.092
13.0753
13.0768
13.0768
13.0768
13.0753
13.0783
13.0798
13.0768
13.0783
13.0768
13.0737
13.0768
13.0768
13.0753
13.0768
13.0783
13.0768
13.0661
13.0676
13.063000000000000
13.0661
13.0646
13.0692
13.0661
13.063000000000000
13.0646
13.0615
13.063000000000000
13.0661
13.0661
13.0646
13.0615
13.0508
13.0539
13.0508
13.0493
13.0508
13.0524
13.0478
13.0508
13.0478
13.0508
13.0508
13.0478
13.0508
13.0524
13.0539
13.0493
13.0524
13.0508
13.0508
13.0508
13.0524
13.0508
13.0508
13.0493
13.0524
13.0508
13.0524
13.0508
13.0524
13.0508
13.0371
13.0386
13.0371
13.0432
13.0402
13.0402
13.0356
13.0417
13.0417
13.0386
13.0417
13.0386
13.0386
13.0417
13.0386
13.0386
13.0386
13.0386
13.0386
13.0386
13.0417
13.0402
13.0417
13.0402
13.0264
13.0249
13.0295
13.0295
13.028000000000000
13.0295
13.0249
13.0249
13.028000000000000
13.031000000000000
13.0249
13.0249
13.028000000000000
13.0264
13.0264
13.028000000000000
13.0249
13.0264
13.028000000000000
13.0295
13.028000000000000
13.028000000000000
13.0157
13.0142
13.0157
13.0142
13.0127
13.0127
13.0142
13.0157
13.0157
13.0188
13.0112
13.0173
13.0157
13.0173
13.0173
13.0112
13.0142
13.0173
13.0142
13.0142
13.0127
13.0142
13.0157
13.002
13.0005
13.0035
13.002
13.002
13.0005
13.0005
13.0035
13.002
13.0035
13.0005
13.002
13.0005
13.0035
13.002
12.9913
12.9898
12.9929
12.9913
12.9898
12.9898
12.9898
12.9868
12.9913
12.9898
12.9913
12.9898
12.9913
12.9913
12.9898
12.9898
12.9929
12.9898
12.9898
12.9852
12.9898
12.9929
12.9898
12.9913
12.9929
12.9868
12.9898
12.9883
12.9898
12.9898
12.9776
12.9761
12.9745
12.9807
12.9776
12.9791
12.9776
12.9807
12.9776
12.9791
12.9776
12.9745
12.9776
12.9761
12.9776
12.9776
12.9761
12.9776
12.9761
12.9761
12.9791
12.9776
12.9745
12.9776
12.9791
12.9761
12.9791
12.9776
12.9776
12.9776
12.9807
12.9791
12.9761
12.9776
12.9745
12.9669
12.9669
12.9639
12.9654
12.9639
12.9669
12.97
12.97
12.9639
12.9654
12.9669
12.9669
12.9654
12.9669
12.9654
12.9639
12.97
12.9669
12.9669
12.9654
12.9684
12.9639
12.9639
12.9654
12.9654
12.97
12.9654
12.9684
12.9669
12.9684
12.9654
12.9639
12.9684
12.9639
12.9669
12.9669
12.9639
12.9669
12.9669
12.9623
12.9684
12.9669
12.9547
12.9532
12.9532
12.9562
12.9578
12.9532
12.9578
12.9547
12.9532
12.9547
12.9547
12.9578
12.9517
12.9532
12.9547
12.9532
12.9532
12.9532
12.9532
12.9532
12.9578
12.9562
12.9562
12.9562
12.9532
12.9547
12.9517
12.9547
12.9562
12.9547
12.9547
12.9547
12.9532
12.9532
12.9425
12.9547
12.9562
12.9547
12.941000000000000
12.944
12.941000000000000
12.944
12.941000000000000
12.9425
12.9456
12.944
12.941000000000000
12.941000000000000
12.944
12.9425
12.9425
12.944
12.9395
12.9379
12.941000000000000
12.944
12.941000000000000
12.9425
12.941000000000000
12.944
12.9425
12.941000000000000
12.944
12.941000000000000
12.9379
12.944
12.944
12.941000000000000
12.9456
12.941000000000000
12.944
12.941000000000000
12.9425
12.9425
12.9425
12.944
12.944
12.941000000000000
12.944
12.941000000000000
12.9425
12.944
12.9425
12.9425
12.9395
12.944
12.944
12.941000000000000
12.941000000000000
12.9425
12.9395
12.9425
12.9395
12.9425
12.944
12.9379
12.9425
12.9425
12.9425
12.9425
12.941000000000000
12.941000000000000
12.944
12.941000000000000
12.941000000000000
12.941000000000000
12.944
12.9395
12.944
12.9425
12.9395
12.941000000000000
12.9425
12.941000000000000
12.941000000000000
12.941000000000000
12.9425
12.944
12.9288
12.9288
12.9288
12.9288
12.941000000000000
12.9395
12.941000000000000
12.941000000000000
12.941000000000000
12.9425
12.9425
12.944
12.941000000000000
12.9395
12.941000000000000
12.944
12.944
12.9425
12.941000000000000
12.9288
12.9257
12.9318
12.9272
12.9303
12.9288
12.9303
12.9318
12.9303
12.9303
12.9333
12.9303
12.9288
12.9318
12.9288
12.9318
12.9303
12.9303
12.9288
12.9303
12.9272
12.9318
12.9288
12.9318
12.9288
12.9318
12.9303
12.9318
12.9303
12.9288
12.9303
12.9303
12.9303
12.9318
12.9272
12.9288
12.9288
12.9288
12.9303
12.9288
12.9288
12.9272
12.9333
12.9288
12.9303
12.9257
12.9272
12.9318
12.9288
12.9333
12.9303
12.9288
12.9318
12.9303
12.9288
12.9272
12.9303
12.9181
12.9196
12.9181
12.9181
12.9181
12.9181
12.9166
12.9181
12.9196
12.9211
12.9166
12.9166
12.9181
12.915
12.9196
12.9211
12.9196
12.9196
12.9135
12.9166
12.9211
12.9166
12.9166
12.9166
12.9181
12.9181
12.9211
12.9211
12.9166
12.9181
12.9166
12.9211
12.9181
12.9105
12.9044
12.9059
12.9044
12.9044
12.9074
12.9059
12.9074
12.9074
12.9074
12.9074
12.9044
12.9059
12.9074
12.9089
12.9074
12.9013
12.9044
12.9059
12.8937
12.8937
12.8922
12.8937
12.8922
12.8952
12.8952
12.8937
12.8952
12.8922
12.8952
12.8967
12.8922
12.8952
12.8922
12.8952
12.8922
12.8922
12.8937
12.8937
12.8922
12.8922
12.8937
12.8967
12.8922
12.8937
12.8937
12.8922
12.8967
12.8952
12.8967
12.8952
12.8952
12.8845
12.8799
12.8799
12.8815
12.8845
12.8769
12.883
12.883
12.886
12.883
12.8799
12.8815
12.8815
12.8952
12.8952
12.8937
12.8952
12.8937
12.8967
12.8952
12.8967
12.8952
12.8967
12.8906
12.8937
12.8937
12.8952
12.8906
12.8952
12.8922
12.9044
12.9059
12.9028
12.9044
12.9044
12.9059
12.9028
12.8922
12.8952
12.8922
12.8922
12.8952
12.8967
12.8937
12.8937
12.8952
12.8922
12.8922
12.8952
12.8922
12.8937
12.8952
12.8922
12.8784
12.8876
12.883
12.8845
12.8815
12.8799
12.8815
12.8723
12.8677
12.8677
12.8677
12.8693
12.8723
12.8708
12.8677
12.8693
12.8693
12.8708
12.8677
12.8586
12.8586
12.8616
12.8616
12.8601
12.8571
12.8616
12.8632
12.8632
12.8632
12.8632
12.8632
12.8586
12.8448
12.8479
12.8464
12.8494
12.8464
12.8464
12.8464
12.8479
12.8326
12.8357
12.8357
12.8357
12.8326
12.8326
12.8326
12.8357
12.8372
12.8342
12.8235
12.8235
12.8265
12.825
12.822000000000000
12.822000000000000
12.822000000000000
12.822000000000000
12.8235
12.8235
12.8204
12.8098
12.8113
12.8128
12.8082
12.8098
12.8098
12.8098
12.7975
12.7975
12.7991
12.7945
12.796
12.7975
12.8006
12.7975
12.7991
12.796
12.7975
12.7853
12.7853
12.7869
12.7838
12.7884
12.7838
12.7853
12.7838
12.7869
12.7884
12.7701
12.7731
12.7731
12.7747
12.7762
12.7747
12.7731
12.7716
12.7716
12.7731
12.7716
12.7731
12.7594
12.7609
12.7609
12.7609
12.7609
12.7594
12.7594
12.7625
12.7609
12.7594
12.7579
12.7594
12.7609
12.7609
12.764000000000000
12.7487
12.7441
12.7457
12.7472
12.7502
12.7487
12.7518
12.7502
12.7365
12.7365
12.738
12.738
12.735
12.7335
12.7365
12.738
12.735
12.7258
12.7228
12.7258
12.7243
12.7243
12.7258
12.7243
12.7228
12.7258
12.7258
12.7213
12.7151
12.7151
12.7151
12.7106
12.7136
12.7121
12.7151
12.7151
12.7121
12.7136
12.7136
12.7136
12.7106
12.7106
12.7136
12.7121
12.7136
12.7029
12.6999
12.7014
12.6984
12.7014
12.6984
12.6999
12.7014
12.6953
12.6892
12.6877
12.6862
12.6862
12.6907
12.6862
12.6877
12.6892
12.6862
12.6846
12.6907
12.6755
12.6755
12.6755
12.6785
12.6785
12.6755
12.6739
12.6739
12.6739
12.6739
12.6755
12.6724
12.6633
12.6648
12.6633
12.6663
12.6602
12.6572
12.6602
12.6602
12.6617
12.6617
12.6617
12.6602
12.6617
12.6663
12.6602
12.6633
12.6678
12.648
12.6511
12.6511
12.6526
12.6495
12.648
12.648
12.6495
12.6495
12.6373
12.6358
12.6373
12.6373
12.6358
12.6373
12.6373
12.6373
12.6373
12.6236
12.6266
12.6266
12.6266
12.6251
12.6251
12.6251
12.6236
12.6282
12.6236
12.6282
12.6251
12.6251
12.6236
12.6129
12.6129
12.6114
12.6114
12.6129
12.6175
12.616
12.6114
12.6129
12.6114
12.6114
12.616
12.6129
12.6114
12.6007
12.6022
12.6007
12.6022
12.6022
12.6022
12.6022
12.6022
12.59
12.5916
12.59
12.587
12.5885
12.5854
12.59
12.5885
12.5885
12.5885
12.5885
12.5931
12.587
12.5885
12.5732
12.5763
12.5793
12.5778
12.5763
12.5778
12.5778
12.5748
12.5778
12.5793
12.5778
12.5748
12.5641
12.5671
12.5641
12.5641
12.561
12.561
12.5641
12.5626
12.5626
12.5626
12.5549
12.5504
12.5534
12.5519
12.5504
12.5473
12.5534
12.5366
12.5397
12.5381
12.5397
12.5412
12.5397
12.5397
12.5381
12.5381
12.5259
12.529000000000000
12.5275
12.5259
12.5305
12.5275
12.529000000000000
12.5275
12.5275
12.5275
12.5275
12.5122
12.5183
12.5137
12.5153
12.5168
12.5153
12.5198
12.5153
12.5061
12.5031
12.5015
12.5046
12.5031
12.5031
12.5046
12.5031
12.5046
12.5031
12.5046
12.5031
12.5137
12.5153
12.5183
12.5153
12.5275
12.5275
12.5275
12.529000000000000
12.529000000000000
12.529000000000000
12.5397
12.5397
12.5412
12.5519
12.5519
12.5488
12.5504
12.5534
12.5549
12.5519
12.5397
12.5427
12.5366
12.5275
12.529000000000000
12.529000000000000
12.529000000000000
12.5137
12.5168
12.5153
12.5137
12.5183
12.5153
12.5153
12.5153
12.529000000000000
12.529000000000000
12.529000000000000
12.529000000000000
12.529000000000000
12.5275
12.5305
12.529000000000000
12.529000000000000
12.529000000000000
12.529000000000000
12.5259
12.5275
12.5275
12.5244
12.5244
12.5275
12.5259
12.529000000000000
12.529000000000000
12.532
12.5275
12.5305
12.5275
12.529000000000000
12.529000000000000
12.5137
12.5183
12.5168
12.5153
12.5168
12.5046
12.5031
12.5031
12.5015
12.4924
12.4939
12.4924
12.4908
12.4908
12.4924
12.4939
12.4939
12.4893
12.4908
12.4924
12.4802
12.4786
12.4771
12.4802
12.4771
12.4771
12.4649
12.4664
12.4695
12.4664
12.4664
12.4664
12.4527
12.4557
12.4542
12.4527
12.4527
12.4557
12.4573
12.4557
12.4557
12.4435
12.442
12.4405
12.4466
12.4451
12.442
12.4435
12.442
12.4313
12.4283
12.4329
12.4313
12.4329
12.4313
12.4283
12.4313
12.4268
12.4313
12.4329
12.4283
12.4207
12.4207
12.4237
12.4176
12.4176
12.4176
12.4176
12.4176
12.4191
12.4176
12.4084
12.4039
12.4023
12.4054
12.4039
12.4069
12.3947
12.3962
12.3962
12.3917
12.3947
12.3932
12.3932
12.3947
12.3825
12.3825
12.384
12.3795
12.3825
12.381000000000000
12.381000000000000
12.381000000000000
12.3718
12.3688
12.3718
12.3688
12.3688
12.3672
12.3672
12.3688
12.3703
12.355
12.355
12.355
12.3581
12.3581
12.3581
12.3566
12.355
12.3413
12.3428
12.3428
12.3459
12.3459
12.3444
12.3444
12.3444
12.3444
12.3322
12.3352
12.3291
12.3291
12.3322
12.3306
12.3306
12.3154
12.3184
12.3184
12.323
12.3184
12.3199
12.3184
12.3184
12.3062
12.3032
12.3077
12.3062
12.3062
12.3077
12.3093
12.3077
12.2955
12.2955
12.2971
12.294
12.2925
12.294
12.2971
12.2955
12.294
12.2849
12.2803
12.2818
12.2833
12.2818
12.2849
12.2818
12.2833
12.2818
12.2849
12.2726
12.2711
12.2726
12.2665
12.2742
12.2681
12.2742
12.2681
12.2604
12.2589
12.2604
12.2574
12.2574
12.2589
12.2452
12.2467
12.2437
12.2452
12.2437
12.2452
12.2421
12.2482
12.2452
12.236000000000000
12.2345
12.233000000000000
12.233000000000000
12.233000000000000
12.2345
12.2314
12.2375
12.2223
12.2223
12.2208
12.2223
12.2208
12.2101
12.2116
12.2086
12.2086
12.1963
12.2009
12.2009
12.1963
12.1979
12.1948
12.1963
12.1979
12.1857
12.1841
12.1872
12.1826
12.1841
12.1872
12.1704
12.1719
12.1735
12.1735
12.1765
12.175
12.1704
12.1735
12.1719
12.1613
12.1613
12.1628
12.1597
12.1628
12.1582
12.1613
12.1628
12.1628
12.1643
12.1613
12.1613
12.1597
12.1582
12.1582
12.1613
12.1613
12.1643
12.1597
12.1597
12.1613
12.1643
12.1582
12.1628
12.1582
12.1613
12.1582
12.1567
12.1628
12.1613
12.1613
12.1613
12.1567
12.1597
12.1597
12.1582
12.1628
12.1597
12.1597
12.149000000000000
12.149000000000000
12.149000000000000
12.1475
12.146000000000000
12.1475
12.146000000000000
12.1613
12.1597
12.1613
12.1613
12.1597
12.1597
12.1597
12.1613
12.1613
12.1597
12.1643
12.1628
12.1628
12.1597
12.1597
12.1613
12.1597
12.1719
12.1735
12.1735
12.1719
12.1719
12.175
12.175
12.1735
12.1735
12.1704
12.175
12.1735
12.1689
12.1719
12.1719
12.1689
12.1704
12.1719
12.1628
12.1628
12.1613
12.1613
12.1567
12.1582
12.1597
12.1597
12.1582
12.1613
12.146000000000000
12.149000000000000
12.1475
12.149000000000000
12.1475
12.149000000000000
12.149000000000000
12.149000000000000
12.149000000000000
12.1536
12.1506
12.1475
12.149000000000000
12.1368
12.1368
12.1338
12.1368
12.1368
12.1353
12.1353
12.1384
12.1353
12.1399
12.1353
12.1338
12.1353
12.1368
12.1368
12.1216
12.1231
12.1216
12.1231
12.1216
12.1246
12.1231
12.1231
12.1246
12.1246
12.1231
12.1246
12.1185
12.1231
12.1231
12.1124
12.1109
12.114
12.114
12.1017
12.0987
12.0987
12.1017
12.1002
12.0987
12.0911
12.0895
12.088
12.0865
12.0865
12.0743
12.0758
12.0743
12.0682
12.0743
12.0712
12.0728
12.0743
12.0651
12.0621
12.0636
12.0621
12.0651
12.0651
12.0651
12.0499
12.0483
12.0544
12.0499
12.0499
12.0529
12.0499
12.0483
12.0468
12.0483
12.0514
12.0483
12.0514
12.0529
12.0514
12.0499
12.0468
12.0529
12.0514
12.0499
12.0483
12.0499
12.0483
12.0499
12.0407
12.0407
12.0377
12.0377
12.0361
12.0407
12.0377
12.0392
12.0377
12.0392
12.0407
12.0422
12.0392
12.0392
12.0392
12.0392
12.0392
12.0392
12.0377
12.0407
12.0392
12.0377
12.0377
12.0377
12.0377
12.0377
12.0377
12.0514
12.0483
12.0499
12.0499
12.0483
12.0514
12.0483
12.0499
12.0483
12.0529
12.0499
12.0483
12.0392
12.0392
12.0392
12.0407
12.0377
12.0361
12.0392
12.0377
12.0392
12.0392
12.0407
12.0285
12.0239
12.0285
12.03
12.027000000000000
12.0255
12.0209
12.0255
12.0255
12.0239
12.0132
12.0148
12.0132
12.0132
12.0163
12.0132
12.0148
12.0132
12.0117
12.0148
12.0163
12.0117
12.0148
12.0132
12.001
12.0026
12.0041
12.001
12.0026
12.0026
12.0056
12.001
12.0026
11.998
11.9965
12.001
12.001
12.0026
11.9934
11.9888
11.9858
11.9888
11.9904
11.9904
11.9888
11.9888
11.9888
11.9766
11.9736
11.9781
11.9766
11.9766
11.9751
11.9781
11.9766
11.9797
11.9736
11.9644
11.9629
11.9644
11.9675
11.9659
11.9675
11.9659
11.9644
11.9644
11.9614
11.9507
11.9537
11.9522
11.9492
11.9522
11.9537
11.9537
11.9507
11.9537
11.9522
11.9522
11.9431
11.9431
11.9415
11.9446
11.9385
11.9385
11.94
11.9431
11.9278
11.9308
11.9278
11.9293
11.9278
11.9293
11.9278
11.9293
11.9186
11.9171
11.9156
11.9186
11.9156
11.9156
11.9186
11.9049
11.9049
11.9049
11.9019
11.8912
11.8896
11.8912
11.8927
11.8942
11.8912
11.8927
11.8896
11.8927
11.879000000000000
11.8774
11.8805
11.8774
11.879000000000000
11.8774
11.8759
11.8774
11.879000000000000
11.879000000000000
11.879000000000000
11.879000000000000
11.8683
11.8713
11.8668
11.8668
11.8668
11.853
11.8546
11.8546
11.8546
11.8408
11.8423
11.8408
11.8454
11.8286
11.8301
11.8286
11.8179
11.8164
11.821
11.8027
11.8057
11.8057
11.8073
11.8057
11.7966
11.7966
11.7905
11.7966
11.795
11.792
11.792
11.7783
11.7783
11.7813
11.7813
11.7783
11.7767
11.7828
11.7813
11.7706
11.7676
11.7676
11.7676
11.7691
11.7676
11.7661
11.7661
11.7569
11.7584
11.7554
11.7554