3.82534
3.8268700000000000
3.81313
3.81618
3.81618
3.81466
3.81313
3.81466
3.81161
3.81313
3.81161
3.81466
3.81466
3.81161
3.81313
3.81313
3.80398
3.7994
3.8055
3.7994
3.80093
3.80398
3.8055
3.7994
3.80245
3.80093
3.7994
3.80245
3.7994
3.7887200000000000
3.7902400000000000
3.7856700000000000
3.7887200000000000
3.7887200000000000
3.7948200000000000
3.7917700000000000
3.7887200000000000
3.7917700000000000
3.7887200000000000
3.7887200000000000
3.7902400000000000
3.7902400000000000
3.7887200000000000
3.7887200000000000
3.7871900000000000
3.7780400000000000
3.7810900000000000
3.7749900000000000
3.77956
3.77651
3.77651
3.77651
3.77956
3.77346
3.7780400000000000
3.7780400000000000
3.77956
3.7780400000000000
3.7627800000000000
3.7643
3.7627800000000000
3.7627800000000000
3.7627800000000000
3.7643
3.7643
3.7658300000000000
3.7643
3.7658300000000000
3.7658300000000000
3.76125
3.76736
3.7643
3.7643
3.7643
3.7643
3.7521
3.7521
3.7521
3.7566700000000000
3.7505700000000000
3.75515
3.7536200000000000
3.7521
3.7536200000000000
3.7521
3.75515
3.7505700000000000
3.7505700000000000
3.7536200000000000
3.7505700000000000
3.74905
3.75515
3.7536200000000000
3.7475200000000000
3.73989
3.73989
3.73989
3.73989
3.7383600000000000
3.73989
3.73989
3.73684
3.74294
3.7414200000000000
3.73989
3.7383600000000000
3.7383600000000000
3.73989
3.73989
3.73684
3.73989
3.74294
3.7414200000000000
3.73684
3.7292100000000000
3.7292100000000000
3.7292100000000000
3.7276800000000000
3.7261600000000000
3.7261600000000000
3.7276800000000000
3.7292100000000000
3.7292100000000000
3.7307300000000000
3.7307300000000000
3.7307300000000000
3.7292100000000000
3.7261600000000000
3.7276800000000000
3.7276800000000000
3.7185300000000000
3.7154800000000000
3.7154800000000000
3.717
3.71242
3.717
3.7185300000000000
3.7185300000000000
3.7154800000000000
3.717
3.7154800000000000
3.7185300000000000
3.71395
3.7185300000000000
3.72005
3.717
3.7154800000000000
3.717
3.70785
3.70479
3.70632
3.70479
3.70022
3.70479
3.70479
3.70479
3.70479
3.70479
3.70174
3.70327
3.70479
3.70022
3.69106
3.69259
3.69411
3.68954
3.69259
3.69259
3.68801
3.69411
3.69259
3.69259
3.69259
3.68954
3.69411
3.69564
3.68191
3.6803800000000000
3.6834300000000000
3.6803800000000000
3.6834300000000000
3.6803800000000000
3.67885
3.68191
3.67885
3.6758
3.6803800000000000
3.6803800000000000
3.6773300000000000
3.6697
3.66817
3.66817
3.66665
3.6697
3.6651200000000000
3.66665
3.6697
3.6651200000000000
3.6712300000000000
3.6697
3.6651200000000000
3.65291
3.6559700000000000
3.65444
3.65291
3.65444
3.6559700000000000
3.65749
3.6590200000000000
3.65444
3.65444
3.65749
3.65444
3.6590200000000000
3.65749
3.64223
3.64376
3.64376
3.64223
3.64376
3.64223
3.64376
3.64071
3.64223
3.64223
3.64223
3.64071
3.64681
3.63155
3.63155
3.6346
3.63155
3.63155
3.6285
3.63155
3.63155
3.63155
3.63308
3.63003
3.63003
3.63003
3.6208700000000000
3.6178200000000000
3.61935
3.6178200000000000
3.61935
3.6208700000000000
3.6208700000000000
3.61935
3.6208700000000000
3.61935
3.6162900000000000
3.6239200000000000
3.61935
3.61935
3.6071400000000000
3.60561
3.60866
3.60866
3.60561
3.60866
3.6071400000000000
3.6071400000000000
3.60866
3.6071400000000000
3.60561
3.6071400000000000
3.6071400000000000
3.60561
3.60561
3.59646
3.59493
3.59493
3.59798
3.59493
3.59341
3.59798
3.59188
3.59341
3.59493
3.60866
3.6071400000000000
3.6071400000000000
3.60866
3.60866
3.60256
3.61935
3.6208700000000000
3.61935
3.61935
3.63613
3.63155
3.62545
3.64376
3.64223
3.64223
3.6559700000000000
3.6559700000000000
3.66817
3.66817
3.68191
3.68191
3.69717
3.69106
3.70327
3.70785
3.7154800000000000
3.7322600000000000
3.7292100000000000
3.73989
3.7414200000000000
3.7521
3.7643
3.7658300000000000
3.7749900000000000
3.7780400000000000
3.7902400000000000
3.7933
3.8055
3.80093
3.81313
3.81466
3.8268700000000000
3.8268700000000000
3.83755
3.83755
3.8512800000000000
3.84975
3.86349
3.8604300000000000
3.87874
3.87874
3.8894300000000000
3.88332
3.8970600000000000
3.9031600000000000
3.8970600000000000
3.9016300000000000
3.8970600000000000
3.91537
3.91537
3.9123100000000000
3.91079
3.91537
3.91537
3.9092600000000000
3.92757
3.923
3.92452
3.923
3.92757
3.92605
3.923
3.92757
3.923
3.92605
3.923
3.92757
3.923
3.923
3.92452
3.9291
3.923
3.92452
3.92757
3.91842
3.93825
3.9352
3.9352
3.9352
3.9367300000000000
3.9336800000000000
3.93825
3.9474100000000000
3.9504600000000000
3.9489400000000000
3.9504600000000000
3.9580900000000000
3.9596200000000000
3.9611400000000000
3.9687700000000000
3.97335
3.9703
3.98556
3.98403
3.9931900000000000
3.99776
4.00844
4.00997
4.0252300000000000
4.0221800000000000
4.03744
4.04507
4.04659
4.0588
4.07406
4.07253
4.08626
4.09695
4.09695
4.1061
4.11983
4.11983
4.13051
4.14425
4.1412
4.15645
4.16714
4.17934
4.1885
4.19918
4.20376
4.21596
4.21749
4.22665
4.22359
4.2419
4.23885
4.23733
4.2525900000000000
4.25411
4.2525900000000000
4.2663200000000000
4.2647900000000000
4.2647900000000000
4.2647900000000000
4.275470000000000
4.28005
4.27853
4.27853
4.27853
4.277
4.27853
4.275470000000000
4.277
4.28921
4.28768
4.29378
4.29226
4.28921
4.29378
4.29073
4.28768
4.29226
4.29073
4.277
4.277
4.27853
4.27853
4.27853
4.27853
4.277
4.277
4.277
4.275470000000000
4.2663200000000000
4.2632700000000000
4.2678400000000000
4.2663200000000000
4.2663200000000000
4.25411
4.2525900000000000
4.25411
4.2525900000000000
4.2525900000000000
4.2525900000000000
4.24343
4.24343
4.24343
4.23885
4.24038
4.2297
4.22665
4.22665
4.2251200000000000
4.2281700000000000
4.21749
4.2190200000000000
4.21291
4.21291
4.21749
4.21444
4.21291
4.21596
4.21596
4.21749
4.21749
4.21291
4.21444
4.20528
4.20376
4.20376
4.20223
4.20681
4.20376
4.20376
4.20376
4.20223
4.19155
4.19155
4.19155
4.19002
4.19308
4.1885
4.19308
4.1946
4.19002
4.19308
4.1946
4.17629
4.18087
4.17477
4.17629
4.17934
4.18087
4.17934
4.17629
4.17934
4.17782
4.16408
4.16408
4.16408
4.16714
4.16561
4.17171
4.15645
4.1534
4.15493
4.1534
4.15951
4.15645
4.15645
4.15493
4.15645
4.1534
4.1534
4.15645
4.15493
4.15645
4.15493
4.16866
4.16408
4.16714
4.17934
4.18239
4.17629
4.19155
4.19155
4.19308
4.19308
4.20528
4.20376
4.20376
4.22054
4.21749
4.21749
4.2190200000000000
4.2281700000000000
4.2281700000000000
4.2297
4.2419
4.23885
4.23885
4.25411
4.2525900000000000
4.25106
4.2647900000000000
4.2663200000000000
4.2678400000000000
4.2663200000000000
4.27853
4.27853
4.28005
4.28005
4.27395
4.28921
4.28615
4.29073
4.28615
4.28768
4.28921
4.29836
4.304470000000000
4.30141
4.29989
4.29989
4.29836
4.29836
4.30141
4.313620000000000
4.31209
4.31515
4.31515
4.313620000000000
4.310570000000000
4.31209
4.313620000000000
4.313620000000000
4.313620000000000
4.31515
4.31209
4.31209
4.313620000000000
4.31209
4.31209
4.310570000000000
4.310570000000000
4.310570000000000
4.313620000000000
4.310570000000000
4.313620000000000
4.31515
4.31209
4.313620000000000
4.313620000000000
4.30904
4.316670000000000
4.304470000000000
4.30141
4.30141
4.30294
4.29989
4.30141
4.30141
4.30141
4.30141
4.30294
4.29073
4.29073
4.29073
4.28768
4.29073
4.29226
4.29226
4.277
4.277
4.27853
4.277
4.277
4.272420000000000
4.275470000000000
4.277
4.2663200000000000
4.2647900000000000
4.2647900000000000
4.2647900000000000
4.2647900000000000
4.2632700000000000
4.2647900000000000
4.2663200000000000
4.24953
4.2525900000000000
4.25411
4.25106
4.24953
4.25411
4.2525900000000000
4.25106
4.25106
4.25106
4.24953
4.24496
4.24038
4.24038
4.24038
4.24038
4.2419
4.24038
4.2419
4.2297
4.2281700000000000
4.22665
4.22665
4.2281700000000000
4.2281700000000000
4.2297
4.2251200000000000
4.2297
4.22665
4.22665
4.21596
4.21291
4.21444
4.21596
4.21596
4.2190200000000000
4.21749
4.21749
4.21749
4.21596
4.21596
4.21444
4.21596
4.20071
4.20376
4.20071
4.20681
4.20071
4.19918
4.20376
4.20528
4.20528
4.20376
4.20681
4.20223
4.20223
4.20376
4.20376
4.20376
4.20223
4.20376
4.20223
4.19155
4.19155
4.19308
4.19155
4.19308
4.19155
4.19002
4.19002
4.19308
4.1885
4.19308
4.19613
4.19155
4.19002
4.19308
4.18087
4.17782
4.17477
4.17934
4.18087
4.17934
4.17782
4.18392
4.17782
4.17782
4.17629
4.16866
4.16714
4.16714
4.16408
4.16561
4.15798
4.15645
4.15645
4.15645
4.15645
4.1534
4.1534
4.15798
4.15798
4.15645
4.1534
4.15645
4.15493
4.1534
4.15798
4.14272
4.13967
4.14425
4.14577
4.13967
4.14425
4.13814
4.1412
4.14425
4.14425
4.14425
4.14577
4.14272
4.13814
4.1412
4.14272
4.12899
4.13051
4.13509
4.13509
4.13357
4.12746
4.13051
4.13051
4.13051
4.13204
4.13204
4.12899
4.13357
4.13051
4.13051
4.12746
4.11983
4.12136
4.11983
4.11983
4.11831
4.12289
4.11983
4.11831
4.11678
4.11983
4.12289
4.11526
4.12136
4.11678
4.11831
4.11983
4.11678
4.10763
4.10915
4.10763
4.1061
4.10763
4.1061
4.11068
4.1061
4.1061
4.1061
4.1061
4.10305
4.1061
4.11068
4.10152
4.10458
4.09237
4.09237
4.09847
4.09389
4.09237
4.09542
4.09542
4.09542
4.09237
4.09237
4.09542
4.09695
4.09389
4.09542
4.09389
4.09542
4.09542
4.08169
4.08474
4.08016
4.08626
4.08169
4.08169
4.08016
4.08169
4.08321
4.08321
4.08321
4.08169
4.07253
4.06948
4.06948
4.07101
4.07101
4.07101
4.07253
4.07253
4.07253
4.07253
4.07101
4.07253
4.07558
4.07253
4.07406
4.0588
4.0588
4.05727
4.0588
4.0588
4.06032
4.0588
4.06185
4.05727
4.06032
4.05727
4.04659
4.04964
4.04659
4.04659
4.04812
4.04659
4.04507
4.04812
4.04964
4.04659
4.04507
4.04659
4.0328600000000000
4.0328600000000000
4.0343800000000000
4.03744
4.0343800000000000
4.0328600000000000
4.03744
4.0343800000000000
4.0343800000000000
4.035910000000000
4.0343800000000000
4.0221800000000000
4.0191300000000000
4.0221800000000000
4.0252300000000000
4.0237
4.02065
4.0237
4.0267600000000000
4.0221800000000000
4.02065
4.0252300000000000
4.0237
4.00997
4.01302
4.00692
4.0115
4.00844
4.0115
4.00997
4.00997
4.01302
4.01302
4.0115
4.00997
3.9992900000000000
3.9992900000000000
3.99471
3.99776
3.9992900000000000
3.9992900000000000
3.9992900000000000
3.9992900000000000
3.9962400000000000
3.99471
3.99776
3.9962400000000000
3.99776
3.99776
3.98556
3.98403
3.98556
3.98708
3.98556
3.98556
3.98403
3.98556
3.98556
3.98708
3.9825
3.98403
3.98403
3.97335
3.9718200000000000
3.97335
3.97488
3.97488
3.9687700000000000
3.97488
3.97335
3.97335
3.97335
3.97793
3.97335
3.9718200000000000
3.9641900000000000
3.9611400000000000
3.9596200000000000
3.9611400000000000
3.9611400000000000
3.9580900000000000
3.9596200000000000
3.9596200000000000
3.9596200000000000
3.9626700000000000
3.9641900000000000
3.9596200000000000
3.9626700000000000
3.9596200000000000
3.9580900000000000
3.9580900000000000
3.9641900000000000
3.9596200000000000
3.9580900000000000
3.9626700000000000
3.9626700000000000
3.9626700000000000
3.9626700000000000
3.9611400000000000
3.9596200000000000
3.9611400000000000
3.9611400000000000
3.9626700000000000
3.9611400000000000
3.9596200000000000
3.9611400000000000
3.9596200000000000
3.97488
3.9718200000000000
3.97335
3.97335
3.9718200000000000
3.97488
3.97335
3.97335
3.97335
3.9718200000000000
3.97335
3.97335
3.97335
3.9718200000000000
3.9687700000000000
3.97335
3.9718200000000000
3.97488
3.97335
3.97793
3.9825
3.98556
3.98556
3.98708
3.98861
3.99013
3.9992900000000000
3.99776
3.9992900000000000
3.9962400000000000
3.9992900000000000
4.00692
4.00844
4.00997
4.02065
4.0221800000000000
4.0237
4.035910000000000
4.03744
4.0343800000000000
4.04507
4.04507
4.04812
4.0588
4.0588
4.07406
4.07101
4.08321
4.08474
4.08321
4.09237
4.09237
4.10763
4.10915
4.10763
4.11373
4.11831
4.13357
4.13357
4.12899
4.14577
4.14577
4.14577
4.14272
4.15645
4.15645
4.1534
4.15798
4.16561
4.16714
4.16866
4.17629
4.17629
4.18239
4.17934
4.17934
4.18087
4.17934
4.17934
4.18087
4.17629
4.17934
4.18087
4.17934
4.17629
4.17782
4.17934
4.17782
4.17934
4.18087
4.17934
4.17934
4.17934
4.17324
4.17782
4.17629
4.17934
4.17782
4.17934
4.17934
4.17782
4.17477
4.17934
4.17782
4.17477
4.17477
4.17782
4.17782
4.17934
4.17782
4.17782
4.16714
4.17019
4.16866
4.15798
4.15493
4.15493
4.15493
4.1534
4.14425
4.14425
4.1412
4.14425
4.14425
4.14577
4.13051
4.13204
4.13357
4.12899
4.13051
4.13204
4.11526
4.11678
4.11831
4.11983
4.12136
4.11831
4.10763
4.10458
4.10915
4.1061
4.1061
4.10458
4.09084
4.09084
4.09237
4.09389
4.09237
4.09389
4.09847
4.08169
4.08169
4.08474
4.08169
4.08169
4.08169
4.08016
4.08321
4.07101
4.07101
4.06948
4.07101
4.07253
4.07253
4.07558
4.07253
4.06032
4.0588
4.0588
4.0588
4.0588
4.05727
4.05575
4.06032
4.06032
4.04812
4.04812
4.04812
4.04812
4.04659
4.04507
4.04507
4.04354
4.04964
4.04659
4.04812
4.04812
4.035910000000000
4.0328600000000000
4.038960000000000
4.0328600000000000
4.0343800000000000
4.0328600000000000
4.035910000000000
4.0328600000000000
4.0343800000000000
4.0328600000000000
4.0343800000000000
4.03744
4.035910000000000
4.02065
4.0221800000000000
4.0191300000000000
4.0221800000000000
4.0237
4.0237
4.0221800000000000
4.0267600000000000
4.0237
4.0237
4.00844
4.00692
4.0115
4.00997
4.00997
4.00844
4.0115
4.01302
4.00997
4.0115
4.0115
4.00997
3.9992900000000000
4.00082
3.9992900000000000
3.99776
3.9992900000000000
3.9992900000000000
4.00234
3.99776
4.00234
3.9962400000000000
3.9992900000000000
4.00082
3.98403
3.98403
3.98861
3.98861
3.98861
3.98708
3.98403
3.98708
3.98403
3.98403
3.9825
3.98708
3.9718200000000000
3.9718200000000000
3.97488
3.9687700000000000
3.97488
3.97488
3.9718200000000000
3.97488
3.97488
3.97488
3.97335
3.97335
3.97335
3.9611400000000000
3.9596200000000000
3.9611400000000000
3.9641900000000000
3.9626700000000000
3.9626700000000000
3.9626700000000000
3.9657200000000000
3.9611400000000000
3.9596200000000000
3.9626700000000000
3.9641900000000000
3.9611400000000000
3.9596200000000000
3.9611400000000000
3.9596200000000000
3.9474100000000000
3.9489400000000000
3.9504600000000000
3.9504600000000000
3.9489400000000000
3.9611400000000000
3.9626700000000000
3.9596200000000000
3.9611400000000000
3.9611400000000000
3.9580900000000000
3.9641900000000000
3.97488
3.97335
3.97335
3.98403
3.98708
3.98556
3.9992900000000000
3.9992900000000000
4.00997
4.01455
4.0267600000000000
4.0343800000000000
4.0328600000000000
4.04354
4.0588
4.0649
4.07253
4.08321
4.09237
4.10915
4.11831
4.13204
4.14577
4.15645
4.16408
4.18087
4.19155
4.20376
4.21596
4.2251200000000000
4.2419
4.25106
4.269370000000000
4.2678400000000000
4.275470000000000
4.29226
4.29989
4.31515
4.32735
4.325830000000000
4.33956
4.35024
4.3655
4.36092
4.376180000000000
4.3868600000000000
4.39754
4.40365
4.4189100000000000
4.4204300000000000
4.43722
4.45095
4.46163
4.47536
4.48757
4.51046
4.51961
4.53487
4.54555
4.55929
4.58065
4.59591
4.6081200000000000
4.6203200000000000
4.63558
4.6569400000000000
4.66915
4.67983
4.699670000000000
4.714930000000000
4.73019
4.74087
4.7668100000000000
4.7790100000000000
4.79122
4.8064800000000000
4.817160000000000
4.83089
4.85226
4.86599
4.87667
4.88735
4.89803
4.91176
4.91176
4.92855
4.94228
4.94839
4.96059
4.96364
4.97127
4.98501
5.0002700000000000
4.99874
5.014000000000000
5.01095
5.02468
5.02315
5.03536
5.050620000000000
5.0475700000000000
5.05978
5.056720000000000
5.07198
5.07198
5.07351
5.07198
5.07198
5.0674
5.07351
5.07503
5.07351
5.07198
5.07351
5.07198
5.07351
5.07198
5.07351
5.07351
5.05825
5.05825
5.056720000000000
5.06283
5.0613
5.05825
5.06283